0 0.1734375 0.49609375 0.2203125 0.3125
0 0.40625 0.50078125 0.259375 0.2703125
0 0.8140625 0.49375 0.334375 0.2609375
0 0.675 0.70546875 0.2546875 0.2609375
0 0.62265625 0.0734375 0.1921875 0.146875
0 0.41171875 0.78046875 0.2578125 0.253125
1 0.88359375 0.81328125 0.2015625 0.2640625
0 0.1953125 0.8453125 0.29375 0.2453125
0 0.41484375 0.165625 0.20625 0.33125
0 0.18046875 0.1984375 0.25625 0.340625
1 0.66640625 0.2125 0.2265625 0.24375
0 0.8609375 0.2234375 0.1953125 0.234375
0 0.5703125 0.38828125 0.1484375 0.1921875