0 0.8234375 0.546875 0.2640625 0.3390625
0 0.5921875 0.515625 0.2953125 0.3046875
0 0.190625 0.44453125 0.36875 0.3078125
0 0.29453125 0.67578125 0.2890625 0.29375
0 0.4453125 0.07265625 0.2125 0.1453125
0 0.54296875 0.790625 0.2921875 0.2890625
1 0.0953125 0.74921875 0.190625 0.2890625
0 0.746875 0.87265625 0.325 0.2546875
0 0.63671875 0.1828125 0.253125 0.3546875
0 0.8546875 0.25234375 0.290625 0.3734375
1 0.38046875 0.18984375 0.259375 0.2734375
0 0.18671875 0.1703125 0.228125 0.259375
0 0.44765625 0.378125 0.175 0.2109375